id,entry,patent_id,name,location,description,date
1,"91367. Arndt C., Braunschweig. Walzwerk mit mehreren hintereinanderliegenden Walzenpaaren. 11/3 96. — A 335.",91367,Arndt C.,Braunschweig,Walzwerk mit mehreren hintereinanderliegenden Walzenpaaren,11/3 96
2,"91456. Pieper fils, H, Lüttich; Vertr.: C. Pieper, H. Springmann u. Th. Stort, Berlin N.W., Hindersinstr. 3. Bremsvorrichtung für den Abwickelhaspel von elektrisch betriebenen Drahtziehmaschinen. 18/4 96. — A 501.",91456,"Pieper fils, H",Lüttich,Bremsvorrichtung für den Abwickelhaspel von elektrisch betriebenen Drahtziehmaschinen,18/4 96
3,"91573. Menne, F., i/F. Menne & Co., Weidenau-Sieg. Walzwerk mit hydraulischer Einstellung der Walzen. 26/6 95. — A 502.",91573,"Menne, F., i/F. Menne & Co.",Weidenau-Sieg,Walzwerk mit hydraulischer Einstellung der Walzen,26/6 95
4,"91785. Frese, W., Dortmund. Selbstthätige Ausrückvorrichtung für Drahtziehbänke mit Riemenantrieb. 16/9 96. — A 502.",91785,"Frese, W.",Dortmund,Selbstthätige Ausrückvorrichtung für Drahtziehbänke mit Riemenantrieb,16/9 96
5,"92346. Williams, J., Woodlands, Gowerton, u. G. H. White, Lliw Forge, Pontardulais; Vertr.: C. Röstel, Berlin S.W., Friedrichstr. 48. Verfahren und Maschine zum Trennen von Platten oder Blechen, welche durch Walzen oder Pressen zu einem Stoß vereinigt wurden. 4/7 96. — A 540.",92346,"Williams, J., u. G. H. White","Woodlands, Gowerton, u. Lliw Forge, Pontardulais","Verfahren und Maschine zum Trennen von Platten oder Blechen, welche durch Walzen oder Pressen zu einem Stoß vereinigt wurden",4/7 96
6,"92580. Harmann, E., Schwerte u. Th. Geck, Altena i/W. Mehrfache Drahtziehmaschine. 22/1 96. — A 607.",92580,"Harmann, E., u. Th. Geck",Schwerte u. Altena i/W.,Mehrfache Drahtziehmaschine,22/1 96
7,"92633. Hayward, J., Warrington, Engl.; Vertr.: R. Deißler, J. Maemecke u. Fr. Deißler, Berlin N.W., Luisenstr. 31a. Führungsrohr für (Draht-) Walzwerke. 16/2 96. — A 764.",92633,"Hayward, J.","Warrington, Engl.",Führungsrohr für (Draht-) Walzwerke,16/2 96
8,"92691. Mouton, J. J., Paris; Vertr.: C. Fehlert u. G. Loubier, Berlin N.W., Dorotheenstr. 32. Walzen zum Ziehen von Draht. 9/7 96. — A 764.",92691,"Mouton, J. J.",Paris,Walzen zum Ziehen von Draht,9/7 96
9,"92741. Stein, A., Düsseldorf-Grafenberg, Grafenberger Chaussee 323. Glühofen mit zwei Herden. 3/11 96. — A 784.",92741,"Stein, A.","Düsseldorf-Grafenberg, Grafenberger Chaussee 323",Glühofen mit zwei Herden,3/11 96
10,"92874. Tümmler, H., Dillingen a/Saar u. L. Albrecht, Siegen i/W. Platinen- und Blech-Glühofen. 13/12 96. — A 558.",92874,"Tümmler, H., u. L. Albrecht",Dillingen a/Saar u. Siegen i/W.,Platinen- und Blech-Glühofen,13/12 96
11,"93483. Bohin fils, Benjamin, St. Sulpice près l'Aigle, Orne; Vertr.: A. Mühle u. W. Ziolecki, Berlin W., Friedrichstr. 78. Drahtziehbank für ununterbrochenen Zug. 12/11 96. — A 784.",93483,"Bohin fils, Benjamin","St. Sulpice près l'Aigle, Orne",Drahtziehbank für ununterbrochenen Zug,12/11 96
12,"93572. Bergmann, V., Feistritz, Kärnten; Vertr.: H. Pataky u. W. Pataky, Berlin N.W., Luisenstr. 25. Stufenziehtrommel für Drahtziehmaschinen. 30/9 94. — A 784.",93572,"Bergmann, V.","Feistritz, Kärnten",Stufenziehtrommel für Drahtziehmaschinen,30/9 94
13,"94153. Macusel, A., Dillingen a/Saar. Platinen- und Blechofen. 3/2 97. — A 859.",94153,"Macusel, A.",Dillingen a/Saar,Platinen- und Blechofen,3/2 97
14,"94219. Menne, F., i/F. Menne & Co., Weidenau-Sieg. Walzwerk mit hydraulischer Einstellung der Walzen; Zus. z. Pat. 91573. 15/12 95. — A 859.",94219,"Menne, F., i/F. Menne & Co.",Weidenau-Sieg,Walzwerk mit hydraulischer Einstellung der Walzen,15/12 95
15,"94220. Westhoff, F., Düsseldorf, Ellerstr. 116. Draht- o. dgl. Walzwerk, bei welchem das Walzgut durch den elektrischen Strom erhitzt wird. 23/10 96. — A 859.",94220,"Westhoff, F.","Düsseldorf, Ellerstr. 116","Draht- o. dgl. Walzwerk, bei welchem das Walzgut durch den elektrischen Strom erhitzt wird",23/10 96
16,"94816. Gerhardi, W., Firma, Lüdenscheid. Drahtziehmaschine. 19/3 97.",94816,"Gerhardi, W., Firma",Lüdenscheid,Drahtziehmaschine,19/3 97
17,"95164. Williams, J., Woodlands, Gowerton, u. G. H. White, Lliw Forge, Pontardulais; Vertr.: C. Röstel, Berlin S.W., Friedrichstr. 48. Maschine zum Trennen von zu Stößen vereinigten Platten oder Blechen nach dem Verfahren des Patents Nr 92346. 9/1 97.",95164,"Williams, J., u. G. H. White","Woodlands, Gowerton, u. Lliw Forge, Pontardulais",Maschine zum Trennen von zu Stößen vereinigten Platten oder Blechen nach dem Verfahren des Patents Nr 92346,9/1 97
18,"95318. Grohmann, A., & Sohn, Würbenthal, Oesterr.-Schles.; Vertr.: Dr F. Schanz, Berlin W., Leipzigerstr. 91. Zweibehälter-Drahtziehmaschine. 29/1 96.",95318,"Grohmann, A., & Sohn","Würbenthal, Oesterr.-Schles.",Zweibehälter-Drahtziehmaschine,29/1 96
19,"95556. Burgmann, F., Kutzdorf b/Küstrin. Platinen- und Blechwärmofen. 11/6 97.",95556,"Burgmann, F.",Kutzdorf b/Küstrin,Platinen- und Blechwärmofen,11/6 97
20,"90774. Schmidt, O., Berlin C., Weinmeisterstr. 3. Spann- und Trockenmaschine für Gewebe mit Vorrichtung zur Aenderung der Bewegungsrichtung des Trockenluftstromes. 11/2 96. — A 169.",90774,"Schmidt, O.","Berlin C., Weinmeisterstr. 3",Spann- und Trockenmaschine für Gewebe mit Vorrichtung zur Aenderung der Bewegungsrichtung des Trockenluftstromes,11/2 96
21,"90775. Mann jr, R., Barmen. Trockenwalze für konische Bänder oder Litzen. 14/2 96. — A 185.",90775,"Mann jr, R.",Barmen,Trockenwalze für konische Bänder oder Litzen,14/2 96
22,"90800. Filzfabrik Adlershof Aktien-Gesellschaft, Adlershof b/Berlin. Oberflächlich gehärtete Unterlagsplatte aus Filz. 19/2 95. — A 169.",90800,Filzfabrik Adlershof Aktien-Gesellschaft,Adlershof b/Berlin,Oberflächlich gehärtete Unterlagsplatte aus Filz,19/2 95
23,"90913. Ludwig, A. B., Grüna b/Chemnitz. Rauhmaschine zum gleichzeitigen Rauhen der Waare auf beiden Seiten. 4/2 96. — A 169.",90913,"Ludwig, A. B.",Grüna b/Chemnitz,Rauhmaschine zum gleichzeitigen Rauhen der Waare auf beiden Seiten,4/2 96
24,"90931. Kunert, F., Görlitz, Pragerstr. 96. Stoffführungsvorrichtung für Breitwaschmaschinen. 25/2 96. — A. 240.",90931,"Kunert, F.","Görlitz, Pragerstr. 96",Stoffführungsvorrichtung für Breitwaschmaschinen,25/2 96
25,"90932. Hummel, C., Berlin N., Südufer. Verfahren und Maschine zur Einbringung einer widerstandsfähigen Einlage, „Einzug“ genannt, in schlauchförmige, an beiden Enden offene Wirkwaare. 29/3 96. — A 223.",90932,"Hummel, C.","Berlin N., Südufer","Verfahren und Maschine zur Einbringung einer widerstandsfähigen Einlage, „Einzug“ genannt, in schlauchförmige, an beiden Enden offene Wirkwaare",29/3 96
26,"90933. Gebauer, Fr., Firma, Charlottenburg b/Berlin u. Dr C. Theis, Ohligs. Vorrichtung zum Dämpfen und Bleichen von auf Rollen gewickelten Geweben. 21/4 96. — A 186.",90933,"Gebauer, Fr., Firma, u. Dr C. Theis",Charlottenburg b/Berlin u. Ohligs,Vorrichtung zum Dämpfen und Bleichen von auf Rollen gewickelten Geweben,21/4 96
27,"90970. Kemmerich, M., Aachen, Hochstr. 67. Spann- und Trockenmaschine für Gewebe mit quer zur Bewegungsrichtung derselben laufenden Luftströmen. 6/9 96. — A 240.",90970,"Kemmerich, M.","Aachen, Hochstr. 67",Spann- und Trockenmaschine für Gewebe mit quer zur Bewegungsrichtung derselben laufenden Luftströmen,6/9 96
28,"91009. Haddon, F. D., Romiley, Chester, A. A. Kuenemann, Greenheys-Manchester, Lancaster, u. M. Firnberg, London; Vertr.: C. Pieper, H. Springmann u. Th. Stort, Berlin N.W., Hindersinstr. 3. Rakel für Maschinen zum Bedrucken von Geweben u. dgl. mit Farbstreifen. 16/4 96. — A 186.",91009,"Haddon, F. D., A. A. Kuenemann, u. M. Firnberg","Romiley, Chester, Greenheys-Manchester, Lancaster, u. London",Rakel für Maschinen zum Bedrucken von Geweben u. dgl. mit Farbstreifen,16/4 96
29,"91010. Haddon, F. D., Romiley, Chester, A. A. Kuenemann, Greenheys-Manchester, Lancaster, u. M. Firnberg, London; Vertr.: C. Pieper, H. Springmann u. Th. Stort, Berlin N.W., Hindersinstr. 3. Vorrichtung zum Befeuchten der Druckwalzen von Maschinen zum Bedrucken von Geweben u. dgl. mit Farbstreifen. 16/4 96. — A 186.",91010,"Haddon, F. D., A. A. Kuenemann, u. M. Firnberg","Romiley, Chester, Greenheys-Manchester, Lancaster, u. London",Vorrichtung zum Befeuchten der Druckwalzen von Maschinen zum Bedrucken von Geweben u. dgl. mit Farbstreifen,16/4 96
30,"91011. Färbereien & Appretur-Anstalten Georg Schleber, A. G., Greiz. Führungsrolle für Gewebe-Breitspannvorrichtungen. 13/6 96. — A 186.",91011,"Färbereien & Appretur-Anstalten Georg Schleber, A. G.",Greiz,Führungsrolle für Gewebe-Breitspannvorrichtungen,13/6 96
